anho,mes,dia,dia_semana,festivo
2014,01,1,4,0
2014,01,2,5,0
2014,01,3,6,0
2014,01,4,7,0
2014,01,5,1,0
2014,01,6,2,0
2014,01,7,3,0
2014,01,8,4,0
2014,01,9,5,0
2014,01,10,6,0
2014,01,11,7,0
2014,01,12,1,0
2014,01,13,2,0
2014,01,14,3,0
2014,01,15,4,0
2014,01,16,5,0
2014,01,17,6,0
2014,01,18,7,0
2014,01,19,1,0
2014,01,20,2,0
2014,01,21,3,0
2014,01,22,4,0
2014,01,23,5,0
2014,01,24,6,0
2014,01,25,7,0
2014,01,26,1,0
2014,01,27,2,0
2014,01,28,3,0
2014,01,29,4,0
2014,01,30,5,0
2014,01,31,6,0
2014,02,1,7,0
2014,02,2,1,0
2014,02,3,2,0
2014,02,4,3,0
2014,02,5,4,0
2014,02,6,5,0
2014,02,7,6,0
2014,02,8,7,0
2014,02,9,1,0
2014,02,10,2,0
2014,02,11,3,0
2014,02,12,4,0
2014,02,13,5,0
2014,02,14,6,0
2014,02,15,7,0
2014,02,16,1,0
2014,02,17,2,0
2014,02,18,3,0
2014,02,19,4,0
2014,02,20,5,0
2014,02,21,6,0
2014,02,22,7,0
2014,02,23,1,0
2014,02,24,2,0
2014,02,25,3,0
2014,02,26,4,0
2014,02,27,5,0
2014,02,28,6,0
2014,03,1,7,0
2014,03,2,1,0
2014,03,3,2,0
2014,03,4,3,0
2014,03,5,4,0
2014,03,6,5,0
2014,03,7,6,0
2014,03,8,7,0
2014,03,9,1,0
2014,03,10,2,0
2014,03,11,3,0
2014,03,12,4,0
2014,03,13,5,0
2014,03,14,6,0
2014,03,15,7,0
2014,03,16,1,0
2014,03,17,2,0
2014,03,18,3,0
2014,03,19,4,0
2014,03,20,5,0
2014,03,21,6,0
2014,03,22,7,0
2014,03,23,1,0
2014,03,24,2,0
2014,03,25,3,0
2014,03,26,4,0
2014,03,27,5,0
2014,03,28,6,0
2014,03,29,7,0
2014,03,30,1,0
2014,03,31,2,0
2014,04,1,3,0
2014,04,2,4,0
2014,04,3,5,0
2014,04,4,6,0
2014,04,5,7,0
2014,04,6,1,0
2014,04,7,2,0
2014,04,8,3,0
2014,04,9,4,0
2014,04,10,5,0
2014,04,11,6,0
2014,04,12,7,0
2014,04,13,1,0
2014,04,14,2,0
2014,04,15,3,0
2014,04,16,4,0
2014,04,17,5,0
2014,04,18,6,0
2014,04,19,7,0
2014,04,20,1,0
2014,04,21,2,0
2014,04,22,3,0
2014,04,23,4,0
2014,04,24,5,0
2014,04,25,6,0
2014,04,26,7,0
2014,04,27,1,0
2014,04,28,2,0
2014,04,29,3,0
2014,04,30,4,0
2014,05,1,5,0
2014,05,2,6,0
2014,05,3,7,0
2014,05,4,1,0
2014,05,5,2,0
2014,05,6,3,0
2014,05,7,4,0
2014,05,8,5,0
2014,05,9,6,0
2014,05,10,7,0
2014,05,11,1,0
2014,05,12,2,0
2014,05,13,3,0
2014,05,14,4,0
2014,05,15,5,0
2014,05,16,6,0
2014,05,17,7,0
2014,05,18,1,0
2014,05,19,2,0
2014,05,20,3,0
2014,05,21,4,0
2014,05,22,5,0
2014,05,23,6,0
2014,05,24,7,0
2014,05,25,1,0
2014,05,26,2,0
2014,05,27,3,0
2014,05,28,4,0
2014,05,29,5,0
2014,05,30,6,0
2014,05,31,7,0
2014,06,1,1,0
2014,06,2,2,0
2014,06,3,3,0
2014,06,4,4,0
2014,06,5,5,0
2014,06,6,6,0
2014,06,7,7,0
2014,06,8,1,0
2014,06,9,2,0
2014,06,10,3,0
2014,06,11,4,0
2014,06,12,5,0
2014,06,13,6,0
2014,06,14,7,0
2014,06,15,1,0
2014,06,16,2,0
2014,06,17,3,0
2014,06,18,4,0
2014,06,19,5,0
2014,06,20,6,0
2014,06,21,7,0
2014,06,22,1,0
2014,06,23,2,0
2014,06,24,3,0
2014,06,25,4,0
2014,06,26,5,0
2014,06,27,6,0
2014,06,28,7,0
2014,06,29,1,0
2014,06,30,2,0
2014,07,1,3,0
2014,07,2,4,0
2014,07,3,5,0
2014,07,4,6,0
2014,07,5,7,0
2014,07,6,1,0
2014,07,7,2,0
2014,07,8,3,0
2014,07,9,4,0
2014,07,10,5,0
2014,07,11,6,0
2014,07,12,7,0
2014,07,13,1,0
2014,07,14,2,0
2014,07,15,3,0
2014,07,16,4,0
2014,07,17,5,0
2014,07,18,6,0
2014,07,19,7,0
2014,07,20,1,0
2014,07,21,2,0
2014,07,22,3,0
2014,07,23,4,0
2014,07,24,5,0
2014,07,25,6,0
2014,07,26,7,0
2014,07,27,1,0
2014,07,28,2,0
2014,07,29,3,0
2014,07,30,4,0
2014,07,31,5,0
2014,08,1,6,0
2014,08,2,7,0
2014,08,3,1,0
2014,08,4,2,0
2014,08,5,3,0
2014,08,6,4,0
2014,08,7,5,0
2014,08,8,6,0
2014,08,9,7,0
2014,08,10,1,0
2014,08,11,2,0
2014,08,12,3,0
2014,08,13,4,0
2014,08,14,5,0
2014,08,15,6,0
2014,08,16,7,0
2014,08,17,1,0
2014,08,18,2,0
2014,08,19,3,0
2014,08,20,4,0
2014,08,21,5,0
2014,08,22,6,0
2014,08,23,7,0
2014,08,24,1,0
2014,08,25,2,0
2014,08,26,3,0
2014,08,27,4,0
2014,08,28,5,0
2014,08,29,6,0
2014,08,30,7,0
2014,08,31,1,0
2014,09,1,2,0
2014,09,2,3,0
2014,09,3,4,0
2014,09,4,5,0
2014,09,5,6,0
2014,09,6,7,0
2014,09,7,1,0
2014,09,8,2,0
2014,09,9,3,0
2014,09,10,4,0
2014,09,11,5,0
2014,09,12,6,0
2014,09,13,7,0
2014,09,14,1,0
2014,09,15,2,0
2014,09,16,3,0
2014,09,17,4,0
2014,09,18,5,0
2014,09,19,6,0
2014,09,20,7,0
2014,09,21,1,0
2014,09,22,2,0
2014,09,23,3,0
2014,09,24,4,0
2014,09,25,5,0
2014,09,26,6,0
2014,09,27,7,0
2014,09,28,1,0
2014,09,29,2,0
2014,09,30,3,0
2014,10,1,4,0
2014,10,2,5,0
2014,10,3,6,0
2014,10,4,7,0
2014,10,5,1,0
2014,10,6,2,0
2014,10,7,3,0
2014,10,8,4,0
2014,10,9,5,0
2014,10,10,6,0
2014,10,11,7,0
2014,10,12,1,0
2014,10,13,2,0
2014,10,14,3,0
2014,10,15,4,0
2014,10,16,5,0
2014,10,17,6,0
2014,10,18,7,0
2014,10,19,1,0
2014,10,20,2,0
2014,10,21,3,0
2014,10,22,4,0
2014,10,23,5,0
2014,10,24,6,0
2014,10,25,7,0
2014,10,26,1,0
2014,10,27,2,0
2014,10,28,3,0
2014,10,29,4,0
2014,10,30,5,0
2014,10,31,6,0
2014,11,1,7,0
2014,11,2,1,0
2014,11,3,2,0
2014,11,4,3,0
2014,11,5,4,0
2014,11,6,5,0
2014,11,7,6,0
2014,11,8,7,0
2014,11,9,1,0
2014,11,10,2,0
2014,11,11,3,0
2014,11,12,4,0
2014,11,13,5,0
2014,11,14,6,0
2014,11,15,7,0
2014,11,16,1,0
2014,11,17,2,0
2014,11,18,3,0
2014,11,19,4,0
2014,11,20,5,0
2014,11,21,6,0
2014,11,22,7,0
2014,11,23,1,0
2014,11,24,2,0
2014,11,25,3,0
2014,11,26,4,0
2014,11,27,5,0
2014,11,28,6,0
2014,11,29,7,0
2014,11,30,1,0
2014,12,1,2,0
2014,12,2,3,0
2014,12,3,4,0
2014,12,4,5,0
2014,12,5,6,0
2014,12,6,7,0
2014,12,7,1,0
2014,12,8,2,0
2014,12,9,3,0
2014,12,10,4,0
2014,12,11,5,0
2014,12,12,6,0
2014,12,13,7,0
2014,12,14,1,0
2014,12,15,2,0
2014,12,16,3,0
2014,12,17,4,0
2014,12,18,5,0
2014,12,19,6,0
2014,12,20,7,0
2014,12,21,1,0
2014,12,22,2,0
2014,12,23,3,0
2014,12,24,4,0
2014,12,25,5,0
2014,12,26,6,0
2014,12,27,7,0
2014,12,28,1,0
2014,12,29,2,0
2014,12,30,3,0
2014,12,31,4,0
