fecha,anho,mes,dia,dia_semana,festivo
01/01/2015,2015,01,1,5,0
02/01/2015,2015,01,2,6,0
03/01/2015,2015,01,3,7,0
04/01/2015,2015,01,4,1,0
05/01/2015,2015,01,5,2,0
06/01/2015,2015,01,6,3,0
07/01/2015,2015,01,7,4,0
08/01/2015,2015,01,8,5,0
09/01/2015,2015,01,9,6,0
10/01/2015,2015,01,10,7,0
11/01/2015,2015,01,11,1,0
12/01/2015,2015,01,12,2,0
13/01/2015,2015,01,13,3,0
14/01/2015,2015,01,14,4,0
15/01/2015,2015,01,15,5,0
16/01/2015,2015,01,16,6,0
17/01/2015,2015,01,17,7,0
18/01/2015,2015,01,18,1,0
19/01/2015,2015,01,19,2,0
20/01/2015,2015,01,20,3,0
21/01/2015,2015,01,21,4,0
22/01/2015,2015,01,22,5,0
23/01/2015,2015,01,23,6,0
24/01/2015,2015,01,24,7,0
25/01/2015,2015,01,25,1,0
26/01/2015,2015,01,26,2,0
27/01/2015,2015,01,27,3,0
28/01/2015,2015,01,28,4,0
29/01/2015,2015,01,29,5,0
30/01/2015,2015,01,30,6,0
31/01/2015,2015,01,31,7,0
01/02/2015,2015,02,1,1,0
02/02/2015,2015,02,2,2,0
03/02/2015,2015,02,3,3,0
04/02/2015,2015,02,4,4,0
05/02/2015,2015,02,5,5,0
06/02/2015,2015,02,6,6,0
07/02/2015,2015,02,7,7,0
08/02/2015,2015,02,8,1,0
09/02/2015,2015,02,9,2,0
10/02/2015,2015,02,10,3,0
11/02/2015,2015,02,11,4,0
12/02/2015,2015,02,12,5,0
13/02/2015,2015,02,13,6,0
14/02/2015,2015,02,14,7,0
15/02/2015,2015,02,15,1,0
16/02/2015,2015,02,16,2,0
17/02/2015,2015,02,17,3,0
18/02/2015,2015,02,18,4,0
19/02/2015,2015,02,19,5,0
20/02/2015,2015,02,20,6,0
21/02/2015,2015,02,21,7,0
22/02/2015,2015,02,22,1,0
23/02/2015,2015,02,23,2,0
24/02/2015,2015,02,24,3,0
25/02/2015,2015,02,25,4,0
26/02/2015,2015,02,26,5,0
27/02/2015,2015,02,27,6,0
28/02/2015,2015,02,28,7,0
01/03/2015,2015,03,1,1,0
02/03/2015,2015,03,2,2,0
03/03/2015,2015,03,3,3,0
04/03/2015,2015,03,4,4,0
05/03/2015,2015,03,5,5,0
06/03/2015,2015,03,6,6,0
07/03/2015,2015,03,7,7,0
08/03/2015,2015,03,8,1,0
09/03/2015,2015,03,9,2,0
10/03/2015,2015,03,10,3,0
11/03/2015,2015,03,11,4,0
12/03/2015,2015,03,12,5,0
13/03/2015,2015,03,13,6,0
14/03/2015,2015,03,14,7,0
15/03/2015,2015,03,15,1,0
16/03/2015,2015,03,16,2,0
17/03/2015,2015,03,17,3,0
18/03/2015,2015,03,18,4,0
19/03/2015,2015,03,19,5,0
20/03/2015,2015,03,20,6,0
21/03/2015,2015,03,21,7,0
22/03/2015,2015,03,22,1,0
23/03/2015,2015,03,23,2,0
24/03/2015,2015,03,24,3,0
25/03/2015,2015,03,25,4,0
26/03/2015,2015,03,26,5,0
27/03/2015,2015,03,27,6,0
28/03/2015,2015,03,28,7,0
29/03/2015,2015,03,29,1,0
30/03/2015,2015,03,30,2,0
31/03/2015,2015,03,31,3,0
01/04/2015,2015,04,1,4,0
02/04/2015,2015,04,2,5,0
03/04/2015,2015,04,3,6,0
04/04/2015,2015,04,4,7,0
05/04/2015,2015,04,5,1,0
06/04/2015,2015,04,6,2,0
07/04/2015,2015,04,7,3,0
08/04/2015,2015,04,8,4,0
09/04/2015,2015,04,9,5,0
10/04/2015,2015,04,10,6,0
11/04/2015,2015,04,11,7,0
12/04/2015,2015,04,12,1,0
13/04/2015,2015,04,13,2,0
14/04/2015,2015,04,14,3,0
15/04/2015,2015,04,15,4,0
16/04/2015,2015,04,16,5,0
17/04/2015,2015,04,17,6,0
18/04/2015,2015,04,18,7,0
19/04/2015,2015,04,19,1,0
20/04/2015,2015,04,20,2,0
21/04/2015,2015,04,21,3,0
22/04/2015,2015,04,22,4,0
23/04/2015,2015,04,23,5,0
24/04/2015,2015,04,24,6,0
25/04/2015,2015,04,25,7,0
26/04/2015,2015,04,26,1,0
27/04/2015,2015,04,27,2,0
28/04/2015,2015,04,28,3,0
29/04/2015,2015,04,29,4,0
30/04/2015,2015,04,30,5,0
01/05/2015,2015,05,1,6,0
02/05/2015,2015,05,2,7,0
03/05/2015,2015,05,3,1,0
04/05/2015,2015,05,4,2,0
05/05/2015,2015,05,5,3,0
06/05/2015,2015,05,6,4,0
07/05/2015,2015,05,7,5,0
08/05/2015,2015,05,8,6,0
09/05/2015,2015,05,9,7,0
10/05/2015,2015,05,10,1,0
11/05/2015,2015,05,11,2,0
12/05/2015,2015,05,12,3,0
13/05/2015,2015,05,13,4,0
14/05/2015,2015,05,14,5,0
15/05/2015,2015,05,15,6,0
16/05/2015,2015,05,16,7,0
17/05/2015,2015,05,17,1,0
18/05/2015,2015,05,18,2,0
19/05/2015,2015,05,19,3,0
20/05/2015,2015,05,20,4,0
21/05/2015,2015,05,21,5,0
22/05/2015,2015,05,22,6,0
23/05/2015,2015,05,23,7,0
24/05/2015,2015,05,24,1,0
25/05/2015,2015,05,25,2,0
26/05/2015,2015,05,26,3,0
27/05/2015,2015,05,27,4,0
28/05/2015,2015,05,28,5,0
29/05/2015,2015,05,29,6,0
30/05/2015,2015,05,30,7,0
31/05/2015,2015,05,31,1,0
01/06/2015,2015,06,1,2,0
02/06/2015,2015,06,2,3,0
03/06/2015,2015,06,3,4,0
04/06/2015,2015,06,4,5,0
05/06/2015,2015,06,5,6,0
06/06/2015,2015,06,6,7,0
07/06/2015,2015,06,7,1,0
08/06/2015,2015,06,8,2,0
09/06/2015,2015,06,9,3,0
10/06/2015,2015,06,10,4,0
11/06/2015,2015,06,11,5,0
12/06/2015,2015,06,12,6,0
13/06/2015,2015,06,13,7,0
14/06/2015,2015,06,14,1,0
15/06/2015,2015,06,15,2,0
16/06/2015,2015,06,16,3,0
17/06/2015,2015,06,17,4,0
18/06/2015,2015,06,18,5,0
19/06/2015,2015,06,19,6,0
20/06/2015,2015,06,20,7,0
21/06/2015,2015,06,21,1,0
22/06/2015,2015,06,22,2,0
23/06/2015,2015,06,23,3,0
24/06/2015,2015,06,24,4,0
25/06/2015,2015,06,25,5,0
26/06/2015,2015,06,26,6,0
27/06/2015,2015,06,27,7,0
28/06/2015,2015,06,28,1,0
29/06/2015,2015,06,29,2,0
30/06/2015,2015,06,30,3,0
01/07/2015,2015,07,1,4,0
02/07/2015,2015,07,2,5,0
03/07/2015,2015,07,3,6,0
04/07/2015,2015,07,4,7,0
05/07/2015,2015,07,5,1,0
06/07/2015,2015,07,6,2,0
07/07/2015,2015,07,7,3,0
08/07/2015,2015,07,8,4,0
09/07/2015,2015,07,9,5,0
10/07/2015,2015,07,10,6,0
11/07/2015,2015,07,11,7,0
12/07/2015,2015,07,12,1,0
13/07/2015,2015,07,13,2,0
14/07/2015,2015,07,14,3,0
15/07/2015,2015,07,15,4,0
16/07/2015,2015,07,16,5,0
17/07/2015,2015,07,17,6,0
18/07/2015,2015,07,18,7,0
19/07/2015,2015,07,19,1,0
20/07/2015,2015,07,20,2,0
21/07/2015,2015,07,21,3,0
22/07/2015,2015,07,22,4,0
23/07/2015,2015,07,23,5,0
24/07/2015,2015,07,24,6,0
25/07/2015,2015,07,25,7,0
26/07/2015,2015,07,26,1,0
27/07/2015,2015,07,27,2,0
28/07/2015,2015,07,28,3,0
29/07/2015,2015,07,29,4,0
30/07/2015,2015,07,30,5,0
31/07/2015,2015,07,31,6,0
01/08/2015,2015,08,1,7,0
02/08/2015,2015,08,2,1,0
03/08/2015,2015,08,3,2,0
04/08/2015,2015,08,4,3,0
05/08/2015,2015,08,5,4,0
06/08/2015,2015,08,6,5,0
07/08/2015,2015,08,7,6,0
08/08/2015,2015,08,8,7,0
09/08/2015,2015,08,9,1,0
10/08/2015,2015,08,10,2,0
11/08/2015,2015,08,11,3,0
12/08/2015,2015,08,12,4,0
13/08/2015,2015,08,13,5,0
14/08/2015,2015,08,14,6,0
15/08/2015,2015,08,15,7,0
16/08/2015,2015,08,16,1,0
17/08/2015,2015,08,17,2,0
18/08/2015,2015,08,18,3,0
19/08/2015,2015,08,19,4,0
20/08/2015,2015,08,20,5,0
21/08/2015,2015,08,21,6,0
22/08/2015,2015,08,22,7,0
23/08/2015,2015,08,23,1,0
24/08/2015,2015,08,24,2,0
25/08/2015,2015,08,25,3,0
26/08/2015,2015,08,26,4,0
27/08/2015,2015,08,27,5,0
28/08/2015,2015,08,28,6,0
29/08/2015,2015,08,29,7,0
30/08/2015,2015,08,30,1,0
31/08/2015,2015,08,31,2,0
01/09/2015,2015,09,1,3,0
02/09/2015,2015,09,2,4,0
03/09/2015,2015,09,3,5,0
04/09/2015,2015,09,4,6,0
05/09/2015,2015,09,5,7,0
06/09/2015,2015,09,6,1,0
07/09/2015,2015,09,7,2,0
08/09/2015,2015,09,8,3,0
09/09/2015,2015,09,9,4,0
10/09/2015,2015,09,10,5,0
11/09/2015,2015,09,11,6,0
12/09/2015,2015,09,12,7,0
13/09/2015,2015,09,13,1,0
14/09/2015,2015,09,14,2,0
15/09/2015,2015,09,15,3,0
16/09/2015,2015,09,16,4,0
17/09/2015,2015,09,17,5,0
18/09/2015,2015,09,18,6,0
19/09/2015,2015,09,19,7,0
20/09/2015,2015,09,20,1,0
21/09/2015,2015,09,21,2,0
22/09/2015,2015,09,22,3,0
23/09/2015,2015,09,23,4,0
24/09/2015,2015,09,24,5,0
25/09/2015,2015,09,25,6,0
26/09/2015,2015,09,26,7,0
27/09/2015,2015,09,27,1,0
28/09/2015,2015,09,28,2,0
29/09/2015,2015,09,29,3,0
30/09/2015,2015,09,30,4,0
01/10/2015,2015,10,1,5,0
02/10/2015,2015,10,2,6,0
03/10/2015,2015,10,3,7,0
04/10/2015,2015,10,4,1,0
05/10/2015,2015,10,5,2,0
06/10/2015,2015,10,6,3,0
07/10/2015,2015,10,7,4,0
08/10/2015,2015,10,8,5,0
09/10/2015,2015,10,9,6,0
10/10/2015,2015,10,10,7,0
11/10/2015,2015,10,11,1,0
12/10/2015,2015,10,12,2,0
13/10/2015,2015,10,13,3,0
14/10/2015,2015,10,14,4,0
15/10/2015,2015,10,15,5,0
16/10/2015,2015,10,16,6,0
17/10/2015,2015,10,17,7,0
18/10/2015,2015,10,18,1,0
19/10/2015,2015,10,19,2,0
20/10/2015,2015,10,20,3,0
21/10/2015,2015,10,21,4,0
22/10/2015,2015,10,22,5,0
23/10/2015,2015,10,23,6,0
24/10/2015,2015,10,24,7,0
25/10/2015,2015,10,25,1,0
26/10/2015,2015,10,26,2,0
27/10/2015,2015,10,27,3,0
28/10/2015,2015,10,28,4,0
29/10/2015,2015,10,29,5,0
30/10/2015,2015,10,30,6,0
31/10/2015,2015,10,31,7,0
01/11/2015,2015,11,1,1,0
02/11/2015,2015,11,2,2,0
03/11/2015,2015,11,3,3,0
04/11/2015,2015,11,4,4,0
05/11/2015,2015,11,5,5,0
06/11/2015,2015,11,6,6,0
07/11/2015,2015,11,7,7,0
08/11/2015,2015,11,8,1,0
09/11/2015,2015,11,9,2,0
10/11/2015,2015,11,10,3,0
11/11/2015,2015,11,11,4,0
12/11/2015,2015,11,12,5,0
13/11/2015,2015,11,13,6,0
14/11/2015,2015,11,14,7,0
15/11/2015,2015,11,15,1,0
16/11/2015,2015,11,16,2,0
17/11/2015,2015,11,17,3,0
18/11/2015,2015,11,18,4,0
19/11/2015,2015,11,19,5,0
20/11/2015,2015,11,20,6,0
21/11/2015,2015,11,21,7,0
22/11/2015,2015,11,22,1,0
23/11/2015,2015,11,23,2,0
24/11/2015,2015,11,24,3,0
25/11/2015,2015,11,25,4,0
26/11/2015,2015,11,26,5,0
27/11/2015,2015,11,27,6,0
28/11/2015,2015,11,28,7,0
29/11/2015,2015,11,29,1,0
30/11/2015,2015,11,30,2,0
01/12/2015,2015,12,1,3,0
02/12/2015,2015,12,2,4,0
03/12/2015,2015,12,3,5,0
04/12/2015,2015,12,4,6,0
05/12/2015,2015,12,5,7,0
06/12/2015,2015,12,6,1,0
07/12/2015,2015,12,7,2,0
08/12/2015,2015,12,8,3,0
09/12/2015,2015,12,9,4,0
10/12/2015,2015,12,10,5,0
11/12/2015,2015,12,11,6,0
12/12/2015,2015,12,12,7,0
13/12/2015,2015,12,13,1,0
14/12/2015,2015,12,14,2,0
15/12/2015,2015,12,15,3,0
16/12/2015,2015,12,16,4,0
17/12/2015,2015,12,17,5,0
18/12/2015,2015,12,18,6,0
19/12/2015,2015,12,19,7,0
20/12/2015,2015,12,20,1,0
21/12/2015,2015,12,21,2,0
22/12/2015,2015,12,22,3,0
23/12/2015,2015,12,23,4,0
24/12/2015,2015,12,24,5,0
25/12/2015,2015,12,25,6,0
26/12/2015,2015,12,26,7,0
27/12/2015,2015,12,27,1,0
28/12/2015,2015,12,28,2,0
29/12/2015,2015,12,29,3,0
30/12/2015,2015,12,30,4,0
31/12/2015,2015,12,31,5,0
